2.0,2.1,2.3,2.6,2.8,2.6,2.3,2.1,2.0
2.1,2.5,3.0,3.8,4.2,3.8,3.0,2.5,2.1
2.3,3.0,4.2,6.0,7.1,6.0,4.2,3.0,2.3
2.6,3.8,6.0,9.0,10.8,9.0,6.0,3.8,2.6
2.8,4.2,7.1,10.8,13.0,10.8,7.1,4.2,2.8
2.6,3.8,6.0,9.0,10.8,9.0,6.0,3.8,2.6
2.3,3.0,4.2,6.0,7.1,6.0,4.2,3.0,2.3
2.1,2.5,3.0,3.8,4.2,3.8,3.0,2.5,2.1
2.0,2.1,2.3,2.6,2.8,2.6,2.3,2.1,2.0
